95403
38.473936,-122.752020
94928
38.343774,-122.701107
95404
38.538703,-122.695477
95476
38.231454,-122.469628
94954
38.247375,-122.571226
95401
38.440928,-122.797135
95407
38.398607,-122.752047
94952
38.235480,-122.642024
95409
38.466591,-122.593993
95472
38.407434,-122.876800
95492
38.546792,-122.819700
95405
38.439212,-122.667337
95448
38.632338,-122.876186
94945
38.121835,-122.548594
95425
38.814277,-123.011340
94931
38.327321,-122.723768
94515
38.604588,-122.605178
95436
38.492375,-122.932597
95446
38.527492,-123.000538
95402
38.439931,-122.710728
94951
38.323794,-122.645053
95442
38.374797,-122.525993
95445
38.805057,-123.505367
95465
38.395923,-123.000174
95473
38.399992,-122.819995
95441
38.711575,-123.100160
94923
38.325496,-123.045021
95452
38.421427,-122.542955
95416
38.313690,-122.481405
95462
38.467302,-123.019735
95444
38.433649,-122.869077
95406
38.440296,-122.710184
95421
38.607581,-123.191406
94953
38.319844,-122.639990
94927
38.339997,-122.700044
94975
38.319980,-122.639938
95433
38.300405,-122.486704
95439
38.488522,-122.780135
94955
38.229997,-122.639988
95497
38.680526,-123.428887
95450
38.454215,-123.112684
94922
38.341240,-122.949302
95487
38.271326,-122.439009
95471
38.521179,-122.981740
95419
38.424887,-122.958248
94972
38.297182,-122.955142
95430
38.437404,-123.061991
95412
38.714023,-123.326128
95480
38.744431,-123.477345
95486
38.473316,-123.023714
95431
38.363563,-122.527963
94926
38.330001,-122.709999
94999
38.271965,-122.662022